(0 0 3.900 -0.05 0.000)
(1 0 3.930 0.930 0.300)
(2 0 3.930 1.930 0.000)
(3 0 3.900 2.930 -0.200)
(4 0 3.930 3.930 -0.200)
(5 0 3.930 4.930 -0.500)
(6 0 3.930 5.930 -1.000)
(7 0 3.930 6.930 -0.800)
(8 0 3.930 7.930 -0.550)
(9 0 3.930 8.930 0.400)
(0 1 2.910 -0.06 0.200)
(1 1 2.930 0.930 0.200)
(2 1 2.950 1.930 0.000)
(3 1 2.950 2.930 -0.300)
(4 1 2.950 3.930 -0.300)
(5 1 2.960 4.930 -0.500)
(6 1 2.960 5.930 -0.600)
(7 1 2.960 6.930 -0.900)
(8 1 2.960 7.930 -0.800)
(9 1 2.950 8.930 -0.200)
(0 2 1.920 -0.05 0.300)
(1 2 1.950 0.930 0.100)
(2 2 1.960 1.930 0.100)
(3 2 1.960 2.930 -0.400)
(4 2 1.970 3.930 -0.600)
(5 2 1.980 4.930 -0.700)
(6 2 1.980 5.930 -0.700)
(7 2 1.990 6.950 -1.000)
(8 2 1.980 7.950 -1.000)
(9 2 1.980 8.950 -1.000)
(0 3 0.930 -0.07 0.600)
(1 3 0.970 0.930 0.2000)
(2 3 0.970 1.930 -0.100)
(3 3 0.990 2.930 -0.300)
(4 3 0.990 3.930 -0.500)
(5 3 1.000 4.930 -0.700)
(6 3 1.000 5.930 -0.800)
(7 3 1.000 6.930 -1.000)
(8 3 1.000 7.930 -1.000)
(9 3 1.000 8.930 -0.500)
(0 4 -0.03 -0.09 0.400)
(1 4 -0.02 0.910 0.300)
(2 4 -0.01 1.910 -0.10)
(3 4 0.00 2.910 -0.300)
(4 4 0.020 3.910 -0.500)
(5 4 0.020 4.910 -0.600)
(6 4 0.020 5.910 -0.800)
(7 4 0.020 6.910 -1.000)
(8 4 0.010 7.930 -0.800)
(9 4 0.000 8.940 -0.500)
(0 5 -1.00 -0.08 0.300)
(1 5 -1.00 0.920 0.100)
(2 5 -0.990 1.920 -0.20)
(3 5 -0.980 2.920 -0.20)
(4 5 -1.00 3.920 -0.700)
(5 5 -0.990 4.920 -0.70)
(6 5 -0.980 5.920 -0.80)
(7 5 -0.990 6.920 -0.90)
(8 5 -1.00 7.920 -0.800)
(9 5 -1.02 8.950 -0.500)
(0 6 -2.00 -0.07 0.300)
(1 6 -1.99 0.930 0.000)
(2 6 -1.98 1.930 -0.400)
(3 6 -1.96 2.920 -0.400)
(4 6 -1.98 3.930 -0.500)
(5 6 -1.98 4.940 -0.700)
(6 6 -1.97 5.930 -0.900)
(7 6 -1.97 6.940 -1.100)
(8 6 -1.98 7.930 -0.800)
(9 6 -2.00 8.930 -0.700)
(0 7 -2.93 -0.05 0.100)
(1 7 -2.94 0.950 -0.10)
(2 7 -2.93 1.950 -0.20)
(3 7 -2.93 2.950 -0.50)
(4 7 -2.95 3.950 -0.80)
(5 7 -2.95 4.960 -0.70)
(6 7 -2.95 5.950 -0.70)
(7 7 -2.95 6.960 -0.70)
(8 7 -2.95 7.950 -0.70)
(9 7 -2.97 8.960 -0.20)
(0 8 -3.93 -0.05 0.100)
(1 8 -3.93 0.950 0.000)
(2 8 -3.93 1.960 -0.30)
(3 8 -3.92 2.950 -0.40)
(4 8 -3.93 3.960 -0.50)
(5 8 -3.92 4.960 -0.80)
(6 8 -3.93 5.960 -0.50)
(7 8 -3.93 6.960 -0.50)
(8 8 -3.95 7.950 -0.50)
(9 8 -3.95 8.950 0.400)

