(0 0 -3.87 9.010 2.000)
(1 0 -3.89 7.990 0.700)
(2 0 -3.89 6.940 0.500)
(3 0 -3.88 5.910 0.500)
(4 0 -3.88 4.920 0.500)
(5 0 -3.88 3.950 0.500)
(6 0 -3.88 2.960 0.500)
(7 0 -3.88 1.960 0.500)
(8 0 -3.88 0.990 0.500)
(9 0 -3.87 0.000 0.500)
(0 1 -2.91 8.950 0.000)
(1 1 -2.91 7.890 0.000)
(2 1 -2.91 6.910 -0.50)
(3 1 -2.91 5.910 -0.50)
(4 1 -2.91 4.900 -0.50)
(5 1 -2.91 3.890 -0.50)
(6 1 -2.91 2.880 0.000)
(7 1 -2.91 1.890 0.000)
(8 1 -2.91 0.890 0.000)
(9 1 -2.91 -0.04 0.500)
(0 2 -1.93 8.900 1.500)
(1 2 -1.93 7.870 1.000)
(2 2 -1.93 6.870 1.000)
(3 2 -1.93 5.850 0.500)
(4 2 -1.93 4.850 0.000)
(5 2 -1.93 3.830 0.000)
(6 2 -1.93 2.830 0.000)
(7 2 -1.93 1.830 0.000)
(8 2 -1.93 0.830 0.000)
(9 2 -1.94 -0.10 0.000)
(0 3 -0.95 8.850 1.500)
(1 3 -0.95 7.850 1.000)
(2 3 -0.94 6.850 1.000)
(3 3 -0.94 5.850 1.000)
(4 3 -0.94 4.850 0.500)
(5 3 -0.94 3.850 0.000)
(6 3 -0.94 2.850 0.000)
(7 3 -0.95 1.850 0.000)
(8 3 -0.95 0.850 0.000)
(9 3 -0.95 -0.10 0.000)
(0 4 0.050 8.850 1.000)
(1 4 0.020 7.850 1.000)
(2 4 0.020 6.850 1.000)
(3 4 0.020 5.850 1.000)
(4 4 0.020 4.850 0.500)
(5 4 0.020 3.850 0.500)
(6 4 0.020 2.830 0.500)
(7 4 0.020 1.830 0.500)
(8 4 0.020 0.830 0.000)
(9 4 0.020 -0.15 0.500)
(0 5 1.020 8.870 1.500)
(1 5 1.020 7.870 1.500)
(2 5 1.020 6.870 1.500)
(3 5 1.020 5.850 1.000)
(4 5 1.020 4.850 1.000)
(5 5 1.000 3.850 0.500)
(6 5 1.000 2.850 0.500)
(7 5 1.000 1.850 0.500)
(8 5 1.000 0.850 0.500)
(9 5 1.000 -0.10 0.500)
(0 6 2.020 8.870 1.500)
(1 6 2.020 7.870 1.000)
(2 6 2.000 6.870 1.000)
(3 6 2.000 5.850 1.000)
(4 6 2.000 4.850 1.000)
(5 6 1.980 3.850 1.000)
(6 6 1.980 2.850 0.500)
(7 6 1.950 1.850 0.500)
(8 6 1.950 0.870 0.500)
(9 6 1.950 -0.10 0.500)
(0 7 3.000 8.870 1.500)
(1 7 3.000 7.870 1.500)
(2 7 3.000 6.870 1.500)
(3 7 3.000 5.870 1.000)
(4 7 2.970 4.870 1.000)
(5 7 2.970 3.850 1.000)
(6 7 2.970 2.850 1.000)
(7 7 2.970 1.850 0.500)
(8 7 2.970 0.870 0.500)
(9 7 2.970 -0.13 0.500)
(0 8 4.000 8.870 2.500)
(1 8 4.000 7.870 1.500)
(2 8 3.970 6.870 1.500)
(3 8 3.970 5.870 1.000)
(4 8 3.970 4.870 1.000)
(5 8 3.950 3.870 1.000)
(6 8 3.950 2.870 1.000)
(7 8 3.950 1.870 0.500)
(8 8 3.950 0.870 0.500)
(9 8 3.930 -0.07 0.500)

